file
[[ 1.66268456 -0.08701138 -0.08701138 -0.08701138 -0.08701138 -0.08701138
  -0.08701138 -0.08701138 -0.08701138 -0.08701138]
 [-0.08701138  1.66268456 -0.08701138 -0.08701138 -0.08701138 -0.08701138
  -0.08701138 -0.08701138 -0.08701138 -0.08701138]
 [-0.08701138 -0.08701138  1.66268456 -0.08701138 -0.08701138 -0.08701138
  -0.08701138 -0.08701138 -0.08701138 -0.08701138]
 [-0.08701138 -0.08701138 -0.08701138  1.66268456 -0.08701138 -0.08701138
  -0.08701138 -0.08701138 -0.08701138 -0.08701138]
 [-0.08701138 -0.08701138 -0.08701138 -0.08701138  1.66268456 -0.08701138
  -0.08701138 -0.08701138 -0.08701138 -0.08701138]
 [-0.08701138 -0.08701138 -0.08701138 -0.08701138 -0.08701138  1.66268456
  -0.08701138 -0.08701138 -0.08701138 -0.08701138]
 [-0.08701138 -0.08701138 -0.08701138 -0.08701138 -0.08701138 -0.08701138
   1.66268456 -0.08701138 -0.08701138 -0.08701138]
 [-0.08701138 -0.08701138 -0.08701138 -0.08701138 -0.08701138 -0.08701138
  -0.08701138  1.66268456 -0.08701138 -0.08701138]
 [-0.08701138 -0.08701138 -0.08701138 -0.08701138 -0.08701138 -0.08701138
  -0.08701138 -0.08701138  1.66268456 -0.08701138]
 [-0.08701138 -0.08701138 -0.08701138 -0.08701138 -0.08701138 -0.08701138
  -0.08701138 -0.08701138 -0.08701138  1.66268456]]
