[[-2.15805692  0.2397841   0.2397841   0.2397841   0.2397841   0.2397841
   0.2397841   0.2397841   0.2397841   0.2397841 ]
 [ 0.2397841  -2.15805692  0.2397841   0.2397841   0.2397841   0.2397841
   0.2397841   0.2397841   0.2397841   0.2397841 ]
 [ 0.2397841   0.2397841  -2.15805692  0.2397841   0.2397841   0.2397841
   0.2397841   0.2397841   0.2397841   0.2397841 ]
 [ 0.2397841   0.2397841   0.2397841  -2.15805692  0.2397841   0.2397841
   0.2397841   0.2397841   0.2397841   0.2397841 ]
 [ 0.2397841   0.2397841   0.2397841   0.2397841  -2.15805692  0.2397841
   0.2397841   0.2397841   0.2397841   0.2397841 ]
 [ 0.2397841   0.2397841   0.2397841   0.2397841   0.2397841  -2.15805692
   0.2397841   0.2397841   0.2397841   0.2397841 ]
 [ 0.2397841   0.2397841   0.2397841   0.2397841   0.2397841   0.2397841
  -2.15805692  0.2397841   0.2397841   0.2397841 ]
 [ 0.2397841   0.2397841   0.2397841   0.2397841   0.2397841   0.2397841
   0.2397841  -2.15805692  0.2397841   0.2397841 ]
 [ 0.2397841   0.2397841   0.2397841   0.2397841   0.2397841   0.2397841
   0.2397841   0.2397841  -2.15805692  0.2397841 ]
 [ 0.2397841   0.2397841   0.2397841   0.2397841   0.2397841   0.2397841
   0.2397841   0.2397841   0.2397841  -2.15805692]]
